225.635570000000
229.003270000000
234.896730000000
234.896730000000
241.632160000000
202.903630000000
197.852110000000
198.694020000000
199.535930000000
199.535920000000
213.848620000000
218.058260000000
227.319410000000
227.319440000000
230.687120000000
226.477480000000
223.951720000000
214.690580000000
208.797100000000
194.484390000000
196.168240000000
189.432850000000
187.749010000000
193.642470000000
197.010160000000
207.113270000000
213.848660000000
218.900180000000
219.742100000000
218.900190000000
226.477510000000
224.793660000000
211.322890000000
197.852100000000
189.432860000000
181.855550000000
185.223240000000
191.958620000000
228.161360000000
251.735210000000
287.096040000000
310.669860000000
332.559880000000
340.137180000000
345.188750000000
378.865700000000
371.288360000000
360.343380000000
349.398380000000
364.553000000000
398.229950000000
452.113070000000
534.621640000000
655.858640000000
692.903200000000
710.583700000000
745.944460000000
776.253660000000
759.415200000000
796.459960000000
860.446100000000
811.614500000000
834.346500000000
826.769040000000
825.927200000000
805.721100000000
873.074900000000
968.212340000000
978.315500000000
959.793150000000
932.009640000000
979.157400000000
993.470100000000
985.050700000000
1030.51460000000
1023.77930000000
1022.09550000000
1027.14700000000
1043.98550000000
991.786200000000
1016.20200000000
1113.02320000000
1210.68640000000
1199.74120000000
1182.06100000000
1189.63840000000
1231.73450000000
1337.81690000000
1450.63480000000
1507.88550000000
1592.07790000000
1686.37330000000
1613.96790000000
1431.27050000000
1533.98510000000
1665.32520000000
1536.51090000000
1570.18790000000
1584.50040000000
1540.72050000000
1501.15030000000
1610.60000000000
1658.59000000000
1638.38370000000
1494.41470000000
1387.49040000000
1547.45600000000
1477.57630000000
1453.16040000000
1341.18460000000
1272.98890000000
1377.38720000000
1387.49040000000
1346.23610000000
1349.60390000000
1220.78960000000
1279.72420000000
1229.20870000000
1194.68980000000
1199.74130000000
1193.00600000000
1229.20860000000
1358.86490000000
1443.89930000000
1365.60050000000
1248.57290000000
1248.57290000000
1155.11950000000
1153.43570000000
1163.53850000000
1272.14670000000
1272.14670000000
1271.30500000000
1295.72060000000
1209.84460000000
1184.58680000000
1162.69680000000
1157.64540000000
1167.74830000000
1180.37720000000
1267.09510000000
1264.56950000000
1246.88920000000
1259.51800000000
1187.11250000000
1234.26030000000
1196.37370000000
1177.00950000000
1200.58330000000
1253.62440000000
1291.51110000000
1312.55920000000
1292.35290000000
1301.61410000000
1242.67940000000
1230.05080000000
1227.52490000000
1232.57650000000
1267.93710000000
1340.34280000000
1330.23960000000
1370.65200000000
1315.08480000000
1297.40450000000
1294.03700000000
1217.42180000000
1238.47000000000
1309.19170000000
1305.82370000000
1353.81320000000
1326.03000000000
1316.76880000000
1264.56960000000
1210.68640000000
1306.66560000000
1222.47340000000
1264.56960000000
1304.98190000000
1374.86150000000
1341.18460000000
1326.02990000000
1305.82360000000
1251.94070000000
1226.68290000000
1212.37020000000
1224.15720000000
1302.45620000000
1347.91990000000
1381.59700000000
1343.71030000000
1368.96800000000
1310.87520000000
1228.36680000000
1305.82370000000
1222.47340000000
1240.99560000000
1297.40440000000
1337.81690000000
1332.76550000000
1315.08480000000
1289.82730000000
1283.09190000000
1276.35640000000
1310.87520000000
1252.78260000000
1315.08500000000
1288.98540000000
1394.22570000000
1334.44910000000
1360.54880000000
1298.24650000000
1243.52120000000
1308.34960000000
1243.52140000000
1299.93030000000
1318.45260000000
1272.14690000000
1382.43880000000
1338.65890000000
1293.19480000000
1248.57290000000
1212.37020000000
1287.30150000000
1251.09880000000
1312.55920000000
1284.77560000000
1287.30150000000
1372.33570000000
1330.23960000000
1315.92690000000
1298.24650000000
1264.56950000000
1310.87520000000
1307.50760000000
1354.65530000000
1334.44900000000
1412.74820000000
1384.12280000000
1406.85460000000
1362.23270000000
1283.93370000000
1358.02310000000
1267.93730000000
1334.44910000000
1376.54540000000
1359.70690000000
1460.73780000000
1396.75150000000
1396.75150000000
1320.97850000000
1281.40780000000
1300.77210000000
1252.78260000000
1384.12270000000
1360.54880000000
1334.44920000000
1380.75500000000
1374.01950000000
1447.26680000000
1370.65190000000
1310.03340000000
1283.09200000000
1331.92350000000
1434.63820000000
1374.86160000000
1440.53160000000
1347.92000000000
1331.92330000000
1357.18120000000
1327.71390000000
1363.91660000000
1275.51460000000
1352.12960000000
1400.96120000000
1388.33230000000
1396.75160000000
1397.59360000000
1408.53860000000
1371.49380000000
1358.86490000000
1358.02300000000
1304.14000000000
1431.27060000000
1445.58330000000
1464.94750000000
1379.91310000000
1382.43900000000
1446.42500000000
1405.17080000000
1365.60050000000
1356.33940000000
1365.60050000000
1414.43190000000
1414.43180000000
1452.31850000000
1410.22240000000
1474.20860000000
1464.10530000000
1399.27730000000
1369.81000000000
1347.07810000000
1352.12980000000
1403.48680000000
1458.21200000000
1405.17090000000
1346.23610000000
1457.37000000000
1430.42870000000
1375.70350000000
1361.39090000000
1347.91990000000
1402.64500000000
1432.11240000000
1443.05730000000
1361.39070000000
1457.37010000000
1507.88550000000
1351.28760000000
1375.70350000000
1318.45260000000
1358.02320000000
1406.01250000000
1412.74820000000
1434.63800000000
1372.33570000000
1397.59350000000
1443.89930000000
1379.91310000000
1388.33240000000
1423.69300000000
1496.94060000000
1472.52470000000
1527.24980000000
1453.16040000000
1435.47990000000
1562.61040000000
1496.94060000000
1428.74460000000
1367.28420000000
1411.06410000000
1460.73800000000
1499.46630000000
1507.04350000000
1390.01610000000
1488.52110000000
1483.46960000000
1430.42830000000
1410.22230000000
1406.85460000000
1448.10890000000
1471.68270000000
1536.51100000000
1466.63120000000
1430.42850000000
1538.19470000000
1495.25670000000
1385.80640000000
1368.12620000000
1336.13300000000
1405.17070000000
1458.21200000000
1559.24280000000
1393.38400000000
1481.78590000000
1511.25320000000
1492.73080000000
1409.38040000000
1389.17430000000
1436.32210000000
1459.89590000000
1489.36320000000
1489.36320000000
1427.90270000000
1545.77210000000
1540.72060000000
1473.36660000000
1445.58330000000
1401.80300000000
1480.10200000000
1470.84080000000
1525.56590000000
1400.96130000000
1442.21550000000
1558.40090000000
1513.77880000000
1495.25660000000
1403.48700000000
1427.90270000000
1512.93710000000
1449.79280000000
1529.77550000000
1397.59360000000
1554.19130000000
1528.93360000000
1499.46630000000
1462.42160000000
1450.63460000000
1497.78250000000
1470.84080000000
1514.62070000000
1491.04700000000
1480.94380000000
1567.66200000000
1559.24290000000
1500.30810000000
1454.84450000000
1436.32200000000
1544.08810000000
1502.83400000000
1533.98510000000
1408.53860000000
1520.51430000000
1584.50050000000
1539.87870000000
1429.58670000000
1416.11570000000
1487.67930000000
1526.40800000000
1551.66550000000
1584.50040000000
1505.35960000000
1580.29090000000
1573.55570000000
1562.61050000000
1515.46280000000
1461.57970000000
1558.40100000000
1546.61390000000
1627.43850000000
1491.88900000000
1548.29770000000
1640.90950000000
1591.23580000000
1496.09850000000
1457.37000000000
1500.30810000000
1532.30130000000
1525.56590000000
1608.07430000000
1466.63110000000
1583.65860000000
1618.17750000000
1572.71360000000
1501.15010000000
1459.05380000000
1546.61410000000
1548.29770000000
1557.55900000000
1537.35280000000
1491.04690000000
1600.49710000000
1598.81340000000
1523.04020000000
1509.56930000000
1434.63820000000
1579.44910000000
1564.29420000000
1567.66200000000
1465.78940000000
1558.40100000000
1644.27710000000
1559.24300000000
1477.57620000000
1411.90620000000
1490.20480000000