12.4991320000000
17.0442710000000
17.0442710000000
14.7717020000000
14.7717020000000
134.081600000000
240.892360000000
363.611100000000
505.646730000000
592.004400000000
796.535640000000
1007.88460000000
1170.37330000000
1445.35410000000
1676.02000000000
1906.68580000000
2128.26120000000
2354.38180000000
2519.14330000000
2730.49220000000
2935.02320000000
3187.27860000000
3324.76900000000
3494.07540000000
3641.79250000000
3773.60160000000
3865.64060000000
3892.91140000000
3971.31520000000
4005.40380000000
3747.46700000000
3959.95260000000
4047.44600000000
4086.07960000000
4105.39700000000
4192.89060000000
4236.07000000000
4480.37060000000
4558.77440000000
4713.30860000000
5005.33400000000
5076.92040000000
5213.27400000000
5301.90500000000
5357.58250000000
5314.40400000000
5233.72750000000
5520.07100000000
5576.88530000000
5749.60060000000
5721.19400000000
6229.11300000000
6284.79100000000
6683.62700000000
6943.83540000000
6790.43700000000
6400.69200000000
6781.34700000000
6729.07760000000
6868.84130000000
6858.61500000000
6472.27800000000
6777.93800000000
6746.12260000000
6846.11500000000
6848.38800000000
6825.66260000000
7001.78660000000
7144.95850000000
7056.32800000000
6851.79640000000
6710.89750000000
6830.20750000000
7192.68200000000
7176.77400000000
6927.92800000000
7200.63670000000
6959.74400000000
7297.22070000000
7232.45200000000
7385.85060000000
7429.02930000000
7733.55400000000
8006.26170000000
7855.13670000000
7756.28000000000
7819.91160000000
7858.54600000000
7769.91500000000
7846.04640000000
8064.21240000000
7860.81800000000
8051.71400000000
7968.76560000000
8159.66000000000
8528.95300000000
8409.64400000000
7922.17720000000
8061.94000000000
7818.77540000000
7440.39260000000
7768.77900000000
8017.62550000000
7575.61000000000
7642.65140000000
7593.79100000000
7864.22700000000
7627.87940000000
7588.10900000000
7268.81300000000
7429.02930000000
7561.97500000000
7630.15230000000
7224.49850000000
7806.27600000000
7347.21730000000
7321.08250000000
7291.53960000000
7107.46140000000
7321.08250000000
7057.46440000000
7332.44530000000
7272.22200000000
7057.46440000000
7200.63670000000
7281.31200000000
7268.81300000000
7306.31050000000
7450.61900000000
7284.72100000000
7294.94780000000
6994.96880000000
7033.60250000000
7164.27540000000
7281.31200000000
7234.72500000000
7314.26460000000
7285.85800000000
7260.86000000000
7230.18000000000
7368.80600000000
7444.93800000000
7421.07570000000
7416.53030000000
7569.92870000000
7667.64900000000
7307.44700000000
7292.67600000000
7579.01900000000
7199.50050000000
7684.69400000000
7622.19780000000
7341.53560000000
7321.08250000000
7459.70900000000
7739.23540000000
7726.73630000000
7567.65670000000
7655.15040000000
7602.88130000000
7533.56840000000
7581.29200000000
7533.56840000000
7575.61000000000
7394.94100000000
7482.43500000000
7660.83200000000
7536.97700000000
7690.37550000000
7705.14650000000
7500.61570000000
7402.89500000000
7414.25830000000
7308.58350000000
7598.33640000000
7734.69040000000
7671.05800000000
7761.96100000000
7732.41750000000
7632.42430000000
7766.50600000000
7563.11130000000
7585.83700000000
7522.20460000000
7610.83540000000
7807.41260000000
7688.10250000000
7694.92040000000
7804.00340000000
7700.60160000000
7888.08900000000
7421.07570000000
7226.77150000000
8035.80600000000
7806.27600000000
7832.41060000000
7690.37550000000
7848.31900000000
7906.26950000000
7740.37160000000
7522.20460000000
7468.79930000000
7449.48300000000
8006.26170000000
7733.55400000000
8005.12650000000
7781.27800000000
7830.13800000000
7914.22270000000
7933.54000000000
7917.63200000000
7534.70400000000
7701.73800000000
7563.11130000000
8085.80200000000
7794.91360000000
7655.15040000000
7932.40330000000
8001.71730000000
7785.82280000000
7807.41260000000
7523.34130000000
7985.80900000000
7881.27100000000
7939.22100000000
8075.57570000000
8068.75800000000
7993.76270000000
7846.04640000000
7973.31000000000
7976.71880000000
7869.90800000000
8251.69900000000
8215.33900000000
8121.02730000000
7847.18200000000
7976.71880000000
7971.03760000000
7923.31300000000
7977.85550000000
7900.58800000000
8359.64600000000
7934.67700000000
8281.24300000000
7982.40000000000
7809.68550000000
8121.02730000000
8086.93850000000
8306.24200000000
8166.47800000000
8044.89600000000
8247.15500000000
8217.61000000000
8374.41800000000
8048.30500000000
7809.68550000000
8221.02000000000
8102.84670000000
8501.68300000000
8215.33900000000
8125.57200000000
8010.80760000000
8175.56900000000
8357.37400000000
8184.65870000000
8041.48730000000
8258.51800000000
8173.29600000000
8250.56300000000
8199.43000000000
8175.56900000000
8346.01200000000
8196.02200000000
8252.83600000000
8092.61960000000
8080.12000000000
8285.78800000000
8394.87200000000
8241.47400000000
8141.47950000000
8499.41000000000
8081.25700000000
8514.18200000000
8164.20600000000
8330.10400000000
8234.65500000000
8278.97000000000
8360.78300000000
8738.03000000000
8031.26030000000
8351.69300000000
8309.64900000000
8586.90300000000
8268.74400000000
8138.07100000000
8048.30500000000
8239.20000000000
8275.56250000000
8172.15900000000
8184.65870000000
8353.96500000000
8275.56250000000
8165.34300000000
8325.55800000000
8307.37800000000
8352.82800000000
8313.05900000000
8343.73800000000
8302.83300000000
8432.36800000000
8619.85500000000
8358.51100000000
8490.32000000000
8372.14550000000
8182.38670000000
8269.88000000000
8584.63200000000
8573.26900000000
8551.68000000000
8582.35900000000
8575.54100000000
8642.58200000000
8627.81100000000
8499.41000000000
8693.71400000000
8377.82700000000
8650.53500000000
8194.88600000000
8477.82000000000
8795.98000000000
8766.43750000000
8353.96500000000
8311.92300000000
8710.75900000000
8584.63200000000
8995.96700000000
8545.99700000000
8105.11870000000
8478.95600000000
8497.13700000000
8675.53400000000
8490.32000000000
8875.52000000000
8723.25800000000
8678.94200000000
8456.23100000000
8552.81500000000
8625.53800000000
8643.71900000000
8641.44500000000
8831.20400000000
8489.18400000000
8648.26300000000
8840.29600000000
8670.98900000000
8860.74900000000
8505.09200000000
8460.77600000000
8649.39900000000
8951.65100000000
8750.52900000000
8686.89700000000
8656.21800000000
8855.06700000000
8643.71900000000
8956.19600000000
8860.74900000000
8564.17900000000
8853.93100000000
8780.07200000000
9057.32600000000
8894.83700000000
8831.20400000000
9069.82500000000
8870.97600000000
8641.44500000000
8786.89000000000
8760.75500000000
8984.60300000000
8660.76200000000
8720.98400000000
8739.16500000000
8933.47100000000
8783.48000000000
8542.58900000000
8626.67400000000
8744.84800000000
8893.70000000000
8951.65100000000
8763.02800000000
8945.97000000000
8863.02050000000
8940.28800000000
8841.43200000000
8877.79200000000
8780.07200000000
8834.61300000000
8813.02300000000
8956.19600000000
8966.42200000000
9023.23700000000
9019.82800000000
9156.18300000000
9127.77500000000
8780.07200000000
8863.02050000000
8938.01600000000
9075.50700000000
8926.65200000000
9198.22600000000
8911.88100000000
9048.23500000000
9107.32100000000
9023.23700000000
8881.20100000000
8898.24600000000
9155.04600000000
9209.58800000000
9027.78100000000
9130.04800000000
8927.78900000000
8914.15300000000
9113.00400000000
8882.33800000000
9064.14400000000
9069.82500000000
9131.18500000000
9014.14700000000
8989.14800000000
8925.51700000000
8955.06000000000
8960.74100000000
9013.01100000000
9086.86900000000
9075.50700000000
9312.98900000000
9295.94500000000
8933.47100000000
9042.55500000000
9042.55500000000
9376.62200000000
9024.37400000000
8943.69700000000
9210.72500000000
8993.69400000000
9161.86400000000
9547.06400000000
9176.63600000000
9243.67600000000
9048.23500000000
9239.13200000000
9064.14400000000
8988.01200000000
9250.49400000000
9065.27900000000
9340.26100000000
9285.71900000000
9342.53300000000
9122.09400000000
9001.64700000000
9209.58800000000
9160.72800000000
8989.14800000000
8977.78600000000
9014.14700000000